=> [32m#<DataCase:0x007faf6de33d10[0m
 id: [1;34m7[0m,
 turn_num: [1;34m12[0m,
 store_id: [1;34m1[0m,
 department_id: [1;34m1[0m,
 day_num: [1;34m28[0m,
 hour_day: [1;34m10[0m,
 hp_val: [1;35m2500.0[0m,
 target_productivity: [1;35m85000.0[0m,
 vhp: [31m[1;31m"[0m[31m[1;31m"[0m[31m[0m,
 pov: [31m[1;31m"[0m[31m[1;31m"[0m[31m[0m,
 lunch_in: [31m[1;31m"[0m[31m[1] 1, [2] 1[1;31m"[0m[31m[0m,
 lunch_hours: [31m[1;31m"[0m[31m[2] 1, [3] 1, [4] 1, [5] 1[1;31m"[0m[31m[0m,
 hour_min: [1;34m2[0m,
 turns_matrix:
  [31m[1;31m"[0m[31m[6,3,2] 1, [6,4,2] 1, [6,5,2] 1, [6,6,2] 1, [6,7,2] 1, [6,8,2] 1, [6,9,2] 1, [6,4,3] 1, [6,5,3] 1, [6,6,3] 1, [6,7,3] 1, [6,8,3] 1, [6,9,3] 1, [6,3,4] 1, [6,4,4] 1, [6,5,4] 1, [6,6,4] 1, [6,7,4] 1, [6,8,4] 1, [6,9,4] 1, [6,10,4] 1, [6,2,5] 1, [6,3,5] 1, [6,4,5] 1, [6,5,5] 1, [6,6,5] 1, [6,7,5] 1, [6,10,5] 1, [6,2,6] 1, [6,3,6] 1, [6,4,6] 1, [6,5,6] 1, [6,6,6] 1, [6,7,6] 1, [6,8,6] 1, [6,3,9] 1, [6,4,9] 1, [6,5,9] 1, [6,6,9] 1, [6,7,9] 1, [6,8,9] 1, [6,9,9] 1, [6,10,9] 1, [6,4,11] 1, [6,5,11] 1, [6,6,11] 1, [6,7,11] 1, [6,8,11] 1, [6,9,11] 1, [6,10,11] 1, [6,2,12] 1, [6,3,12] 1, [6,4,12] 1, [6,5,12] 1, [6,6,12] 1, [6,7,12] 1, [6,8,12] 1, [6,9,12] 1, [6,10,12] 1, [6,2,13] 1, [6,3,13] 1, [6,4,13] 1, [6,5,13] 1, [6,6,13] 1, [6,7,13] 1, [6,8,13] 1, [6,9,13] 1, [6,10,13] 1, [6,6,14] 1, [6,7,14] 1, [6,8,14] 1, [6,9,14] 1, [6,10,14] 1, [6,3,16] 1, [6,4,16] 1, [6,5,16] 1, [6,6,16] 1, [6,7,16] 1, [6,8,16] 1, [6,9,16] 1, [6,4,17] 1, [6,5,17] 1, [6,6,17] 1, [6,7,17] 1, [6,8,17] 1, [6,9,17] 1, [6,10,17] 1, [6,3,18] 1, [6,4,18] 1, [6,5,18] 1, [6,6,18] 1, [6,7,18] 1, [6,8,18] 1, [6,9,18] 1, [6,10,18] 1, [6,2,19] 1, [6,3,19] 1, [6,4,19] 1, [6,5,19] 1, [6,6,19] 1, [6,7,19] 1, [6,10,19] 1, [6,2,20] 1, [6,3,20] 1, [6,4,20] 1, [6,5,20] 1, [6,6,20] 1, [6,7,20] 1, [6,8,20] 1, [6,3,23] 1, [6,4,23] 1, [6,5,23] 1, [6,6,23] 1, [6,7,23] 1, [6,8,23] 1, [6,9,23] 1, [6,10,23] 1, [6,4,25] 1, [6,5,25] 1, [6,6,25] 1, [6,7,25] 1, [6,8,25] 1, [6,9,25] 1, [6,10,25] 1, [6,3,26] 1, [6,4,26] 1, [6,5,26] 1, [6,6,26] 1, [6,7,26] 1, [6,8,26] 1, [6,9,26] 1, [6,10,26] 1, [6,3,27] 1, [6,4,27] 1, [6,5,27] 1, [6,6,27] 1, [6,7,27] 1, [6,8,27] 1, [6,9,27] 1, [6,10,27] 1, [6,6,28] 1, [6,7,28] 1, [6,8,28] 1, [6,9,28] 1, [6,10,28] 1, [8,1,1] 1, [8,2,1] 1, [8,3,1] 1, [8,4,1] 1, [8,5,1] 1, [8,6,1] 1, [8,7,1] 1, [8,8,1] 1, [8,9,1] 1, [8,10,1] 1, [8,5,5] 1, [8,6,5] 1, [8,7,5] 1, [8,8,5] 1, [8,9,5] 1, [8,10,5] 1, [8,1,6] 1, [8,2,6] 1, [8,3,6] 1, [8,4,6] 1, [8,5,6] 1, [8,6,6] 1, [8,7,6] 1, [8,8,6] 1, [8,9,6] 1, [8,10,6] 1, [8,1,7] 1, [8,2,7] 1, [8,3,7] 1, [8,4,7] 1, [8,5,7] 1, [8,6,7] 1, [8,7,7] 1, [8,8,7] 1, [8,9,7] 1, [8,10,7] 1, [8,1,8] 1, [8,2,8] 1, [8,3,8] 1, [8,4,8] 1, [8,5,8] 1, [8,6,8] 1, [8,7,8] 1, [8,8,8] 1, [8,3,10] 1, [8,4,10] 1, [8,5,10] 1, [8,6,10] 1, [8,7,10] 1, [8,8,10] 1, [8,3,11] 1, [8,4,11] 1, [8,5,11] 1, [8,6,11] 1, [8,7,11] 1, [8,8,11] 1, [8,3,12] 1, [8,4,12] 1, [8,5,12] 1, [8,6,12] 1, [8,7,12] 1, [8,8,12] 1, [8,1,14] 1, [8,2,14] 1, [8,3,14] 1, [8,4,14] 1, [8,5,14] 1, [8,6,14] 1, [8,7,14] 1, [8,8,14] 1, [8,9,14] 1, [8,10,14] 1, [8,1,15] 1, [8,2,15] 1, [8,3,15] 1, [8,4,15] 1, [8,5,15] 1, [8,6,15] 1, [8,7,15] 1, [8,8,15] 1, [8,9,15] 1, [8,10,15] 1, [8,5,19] 1, [8,6,19] 1, [8,7,19] 1, [8,8,19] 1, [8,9,19] 1, [8,10,19] 1, [8,1,20] 1, [8,2,20] 1, [8,3,20] 1, [8,4,20] 1, [8,5,20] 1, [8,6,20] 1, [8,7,20] 1, [8,8,20] 1, [8,9,20] 1, [8,10,20] 1, [8,1,21] 1, [8,2,21] 1, [8,3,21] 1, [8,4,21] 1, [8,5,21] 1, [8,6,21] 1, [8,7,21] 1, [8,8,21] 1, [8,9,21] 1, [8,10,21] 1, [8,1,22] 1, [8,2,22] 1, [8,3,22] 1, [8,4,22] 1, [8,5,22] 1, [8,6,22] 1, [8,7,22] 1, [8,8,22] 1, [8,3,24] 1, [8,4,24] 1, [8,5,24] 1, [8,6,24] 1, [8,7,24] 1, [8,8,24] 1, [8,3,25] 1, [8,4,25] 1, [8,5,25] 1, [8,6,25] 1, [8,7,25] 1, [8,8,25] 1, [8,3,26] 1, [8,4,26] 1, [8,5,26] 1, [8,6,26] 1, [8,7,26] 1, [8,8,26] 1, [8,1,28] 1, [8,2,28] 1, [8,3,28] 1, [8,4,28] 1, [8,5,28] 1, [8,6,28] 1, [8,7,28] 1, [8,8,28] 1, [8,9,28] 1, [8,10,28] 1, [12,5,1] 1, [12,6,1] 1, [12,7,1] 1, [12,8,1] 1, [12,9,1] 1, [12,10,1] 1, [12,5,2] 1, [12,6,2] 1, [12,7,2] 1, [12,8,2] 1, [12,9,2] 1, [12,10,2] 1, [12,5,3] 1, [12,6,3] 1, [12,7,3] 1, [12,8,3] 1, [12,9,3] 1, [12,10,3] 1, [12,5,4] 1, [12,6,4] 1, [12,7,4] 1, [12,8,4] 1, [12,9,4] 1, [12,10,4] 1, [12,5,5] 1, [12,6,5] 1, [12,7,5] 1, [12,8,5] 1, [12,9,5] 1, [12,10,5] 1, [12,5,7] 1, [12,6,7] 1, [12,7,7] 1, [12,8,7] 1, [12,9,7] 1, [12,10,7] 1, [12,5,8] 1, [12,6,8] 1, [12,7,8] 1, [12,8,8] 1, [12,9,8] 1, [12,10,8] 1, [12,5,9] 1, [12,6,9] 1, [12,7,9] 1, [12,8,9] 1, [12,9,9] 1, [12,10,9] 1, [12,5,10] 1, [12,6,10] 1, [12,7,10] 1, [12,8,10] 1, [12,9,10] 1, [12,10,10] 1, [12,5,11] 1, [12,6,11] 1, [12,7,11] 1, [12,8,11] 1, [12,9,11] 1, [12,10,11] 1, [12,5,12] 1, [12,6,12] 1, [12,7,12] 1, [12,8,12] 1, [12,9,12] 1, [12,10,12] 1, [12,5,14] 1, [12,6,14] 1, [12,7,14] 1, [12,8,14] 1, [12,9,14] 1, [12,10,14] 1, [12,5,15] 1, [12,6,15] 1, [12,7,15] 1, [12,8,15] 1, [12,9,15] 1, [12,10,15] 1, [12,5,16] 1, [12,6,16] 1, [12,7,16] 1, [12,8,16] 1, [12,9,16] 1, [12,10,16] 1, [12,5,17] 1, [12,6,17] 1, [12,7,17] 1, [12,8,17] 1, [12,9,17] 1, [12,10,17] 1, [12,5,18] 1, [12,6,18] 1, [12,7,18] 1, [12,8,18] 1, [12,9,18] 1, [12,10,18] 1, [12,5,19] 1, [12,6,19] 1, [12,7,19] 1, [12,8,19] 1, [12,9,19] 1, [12,10,19] 1, [12,5,21] 1, [12,6,21] 1, [12,7,21] 1, [12,8,21] 1, [12,9,21] 1, [12,10,21] 1, [12,5,22] 1, [12,6,22] 1, [12,7,22] 1, [12,8,22] 1, [12,9,22] 1, [12,10,22] 1, [12,5,23] 1, [12,6,23] 1, [12,7,23] 1, [12,8,23] 1, [12,9,23] 1, [12,10,23] 1, [12,5,24] 1, [12,6,24] 1, [12,7,24] 1, [12,8,24] 1, [12,9,24] 1, [12,10,24] 1, [12,5,25] 1, [12,6,25] 1, [12,7,25] 1, [12,8,25] 1, [12,9,25] 1, [12,10,25] 1, [12,5,26] 1, [12,6,26] 1, [12,7,26] 1, [12,8,26] 1, [12,9,26] 1, [12,10,26] 1, [12,5,28] 1, [12,6,28] 1, [12,7,28] 1, [12,8,28] 1, [12,9,28] 1, [12,10,28] 1, [1,2,1] 1, [1,3,1] 1, [1,4,1] 1, [1,5,1] 1, [1,6,1] 1, [1,7,1] 1, [1,1,2] 1, [1,2,2] 1, [1,3,2] 1, [1,4,2] 1, [1,5,2] 1, [1,6,2] 1, [1,7,2] 1, [1,8,2] 1, [1,9,2] 1, [1,10,2] 1, [1,2,3] 1, [1,3,3] 1, [1,4,3] 1, [1,5,3] 1, [1,6,3] 1, [1,7,3] 1, [1,8,3] 1, [1,9,3] 1, [1,10,3] 1, [1,1,4] 1, [1,2,4] 1, [1,3,4] 1, [1,4,4] 1, [1,5,4] 1, [1,6,4] 1, [1,7,4] 1, [1,8,4] 1, [1,9,4] 1, [1,10,4] 1, [1,1,5] 1, [1,2,5] 1, [1,3,5] 1, [1,4,5] 1, [1,5,5] 1, [1,6,5] 1, [1,7,5] 1, [1,8,5] 1, [1,9,5] 1, [1,10,5] 1, [1,3,8] 1, [1,4,8] 1, [1,5,8] 1, [1,6,8] 1, [1,7,8] 1, [1,8,8] 1, [1,9,8] 1, [1,3,9] 1, [1,4,9] 1, [1,5,9] 1, [1,6,9] 1, [1,7,9] 1, [1,8,9] 1, [1,9,9] 1, [1,3,11] 1, [1,4,11] 1, [1,5,11] 1, [1,6,11] 1, [1,7,11] 1, [1,8,11] 1, [1,9,11] 1, [1,2,12] 1, [1,3,12] 1, [1,4,12] 1, [1,5,12] 1, [1,6,12] 1, [1,7,12] 1, [1,8,12] 1, [1,9,12] 1, [1,2,13] 1, [1,3,13] 1, [1,4,13] 1, [1,5,13] 1, [1,6,13] 1, [1,7,13] 1, [1,8,13] 1, [1,9,13] 1, [1,2,14] 1, [1,3,14] 1, [1,4,14] 1, [1,5,14] 1, [1,6,14] 1, [1,7,14] 1, [1,8,14] 1, [1,9,14] 1, [1,1,15] 1, [1,2,15] 1, [1,3,15] 1, [1,4,15] 1, [1,5,15] 1, [1,6,15] 1, [1,7,15] 1, [1,8,15] 1, [1,9,15] 1, [1,10,15] 1, [1,1,17] 1, [1,2,17] 1, [1,3,17] 1, [1,4,17] 1, [1,5,17] 1, [1,6,17] 1, [1,7,17] 1, [1,8,17] 1, [1,9,17] 1, [1,10,17] 1, [1,1,18] 1, [1,2,18] 1, [1,3,18] 1, [1,4,18] 1, [1,5,18] 1, [1,6,18] 1, [1,7,18] 1, [1,8,18] 1, [1,9,18] 1, [1,1,19] 1, [1,2,19] 1, [1,3,19] 1, [1,4,19] 1, [1,5,19] 1, [1,6,19] 1, [1,7,19] 1, [1,8,19] 1, [1,9,19] 1, [1,1,20] 1, [1,2,20] 1, [1,3,20] 1, [1,4,20] 1, [1,5,20] 1, [1,6,20] 1, [1,7,20] 1, [1,8,20] 1, [1,9,20] 1, [1,1,24] 1, [1,2,24] 1, [1,3,24] 1, [1,4,24] 1, [1,5,24] 1, [1,6,24] 1, [1,7,24] 1, [1,8,24] 1, [1,9,24] 1, [1,10,24] 1, [1,3,26] 1, [1,4,26] 1, [1,5,26] 1, [1,6,26] 1, [1,7,26] 1, [1,8,26] 1, [1,9,26] 1, [1,10,26] 1, [1,2,27] 1, [1,3,27] 1, [1,4,27] 1, [1,5,27] 1, [1,6,27] 1, [1,7,27] 1, [1,8,27] 1, [1,9,27] 1, [1,10,27] 1, [1,3,28] 1, [1,4,28] 1, [1,5,28] 1, [1,6,28] 1, [1,7,28] 1, [1,8,28] 1, [1,9,28] 1, [1,10,28] 1, [2,3,2] 1, [2,4,2] 1, [2,5,2] 1, [2,6,2] 1, [2,7,2] 1, [2,8,2] 1, [2,9,2] 1, [2,1,3] 1, [2,2,3] 1, [2,3,3] 1, [2,4,3] 1, [2,5,3] 1, [2,6,3] 1, [2,7,3] 1, [2,8,3] 1, [2,9,3] 1, [2,10,3] 1, [2,3,4] 1, [2,4,4] 1, [2,5,4] 1, [2,6,4] 1, [2,7,4] 1, [2,8,4] 1, [2,9,4] 1, [2,10,4] 1, [2,2,5] 1, [2,3,5] 1, [2,4,5] 1, [2,5,5] 1, [2,6,5] 1, [2,7,5] 1, [2,10,5] 1, [2,2,6] 1, [2,3,6] 1, [2,4,6] 1, [2,5,6] 1, [2,6,6] 1, [2,7,6] 1, [2,8,6] 1, [2,9,6] 1, [2,1,7] 1, [2,2,7] 1, [2,3,7] 1, [2,4,7] 1, [2,5,7] 1, [2,6,7] 1, [2,7,7] 1, [2,8,7] 1, [2,9,7] 1, [2,2,8] 1, [2,3,8] 1, [2,4,8] 1, [2,5,8] 1, [2,6,8] 1, [2,7,8] 1, [2,1,9] 1, [2,2,9] 1, [2,3,9] 1, [2,4,9] 1, [2,5,9] 1, [2,6,9] 1, [2,7,9] 1, [2,8,9] 1, [2,9,9] 1, [2,10,9] 1, [2,1,11] 1, [2,2,11] 1, [2,3,11] 1, [2,4,11] 1, [2,5,11] 1, [2,6,11] 1, [2,7,11] 1, [2,8,11] 1, [2,9,11] 1, [2,10,11] 1, [2,1,12] 1, [2,3,12] 1, [2,4,12] 1, [2,5,12] 1, [2,6,12] 1, [2,7,12] 1, [2,8,12] 1, [2,9,12] 1, [2,10,12] 1, [2,1,13] 1, [2,3,13] 1, [2,4,13] 1, [2,5,13] 1, [2,6,13] 1, [2,7,13] 1, [2,8,13] 1, [2,9,13] 1, [2,10,13] 1, [2,1,15] 1, [2,2,15] 1, [2,3,15] 1, [2,4,15] 1, [2,5,15] 1, [2,6,15] 1, [2,7,15] 1, [2,8,15] 1, [2,9,15] 1, [2,10,15] 1, [2,1,16] 1, [2,2,16] 1, [2,3,16] 1, [2,4,16] 1, [2,5,16] 1, [2,6,16] 1, [2,7,16] 1, [2,8,16] 1, [2,9,16] 1, [2,10,16] 1, [2,1,17] 1, [2,2,17] 1, [2,3,17] 1, [2,4,17] 1, [2,5,17] 1, [2,6,17] 1, [2,7,17] 1, [2,8,17] 1, [2,9,17] 1, [2,10,17] 1, [2,3,20] 1, [2,4,20] 1, [2,5,20] 1, [2,6,20] 1, [2,7,20] 1, [2,8,20] 1, [2,9,20] 1, [2,10,20] 1, [2,3,21] 1, [2,4,21] 1, [2,5,21] 1, [2,6,21] 1, [2,7,21] 1, [2,8,21] 1, [2,9,21] 1, [2,10,21] 1, [2,1,22] 1, [2,2,22] 1, [2,3,22] 1, [2,4,22] 1, [2,5,22] 1, [2,6,22] 1, [2,7,22] 1, [2,8,22] 1, [2,9,22] 1, [2,10,22] 1, [2,1,24] 1, [2,2,24] 1, [2,3,24] 1, [2,4,24] 1, [2,5,24] 1, [2,6,24] 1, [2,7,24] 1, [2,8,24] 1, [2,9,24] 1, [2,10,24] 1, [2,1,25] 1, [2,2,25] 1, [2,3,25] 1, [2,4,25] 1, [2,5,25] 1, [2,6,25] 1, [2,7,25] 1, [2,8,25] 1, [2,9,25] 1, [2,1,26] 1, [2,2,26] 1, [2,3,26] 1, [2,4,26] 1, [2,5,26] 1, [2,6,26] 1, [2,7,26] 1, [2,8,26] 1, [2,9,26] 1, [2,1,27] 1, [2,2,27] 1, [2,3,27] 1, [2,4,27] 1, [2,5,27] 1, [2,6,27] 1, [2,7,27] 1, [2,8,27] 1, [2,9,27] 1, [3,1,1] 1, [3,2,1] 1, [3,3,1] 1, [3,4,1] 1, [3,5,1] 1, [3,6,1] 1, [3,7,1] 1, [3,8,1] 1, [3,9,1] 1, [3,1,3] 1, [3,2,3] 1, [3,3,3] 1, [3,4,3] 1, [3,5,3] 1, [3,6,3] 1, [3,7,3] 1, [3,8,3] 1, [3,9,3] 1, [3,10,3] 1, [3,1,4] 1, [3,2,4] 1, [3,3,4] 1, [3,4,4] 1, [3,5,4] 1, [3,6,4] 1, [3,7,4] 1, [3,8,4] 1, [3,9,4] 1, [3,10,4] 1, [3,1,5] 1, [3,2,5] 1, [3,3,5] 1, [3,4,5] 1, [3,5,5] 1, [3,6,5] 1, [3,7,5] 1, [3,8,5] 1, [3,9,5] 1, [3,1,6] 1, [3,2,6] 1, [3,3,6] 1, [3,4,6] 1, [3,5,6] 1, [3,6,6] 1, [3,7,6] 1, [3,8,6] 1, [3,9,6] 1, [3,1,8] 1, [3,2,8] 1, [3,3,8] 1, [3,4,8] 1, [3,5,8] 1, [3,6,8] 1, [3,7,8] 1, [3,1,9] 1, [3,2,9] 1, [3,3,9] 1, [3,4,9] 1, [3,5,9] 1, [3,6,9] 1, [3,7,9] 1, [3,8,9] 1, [3,9,9] 1, [3,10,9] 1, [3,1,11] 1, [3,2,11] 1, [3,3,11] 1, [3,4,11] 1, [3,5,11] 1, [3,6,11] 1, [3,7,11] 1, [3,8,11] 1, [3,9,11] 1, [3,10,11] 1, [3,1,12] 1, [3,3,12] 1, [3,4,12] 1, [3,5,12] 1, [3,6,12] 1, [3,7,12] 1, [3,8,12] 1, [3,9,12] 1, [3,10,12] 1, [3,1,13] 1, [3,3,13] 1, [3,4,13] 1, [3,5,13] 1, [3,6,13] 1, [3,7,13] 1, [3,8,13] 1, [3,9,13] 1, [3,10,13] 1, [3,1,15] 1, [3,2,15] 1, [3,3,15] 1, [3,4,15] 1, [3,5,15] 1, [3,6,15] 1, [3,7,15] 1, [3,8,15] 1, [3,9,15] 1, [3,10,15] 1, [3,1,16] 1, [3,2,16] 1, [3,3,16] 1, [3,4,16] 1, [3,5,16] 1, [3,6,16] 1, [3,7,16] 1, [3,8,16] 1, [3,9,16] 1, [3,10,16] 1, [3,1,17] 1, [3,2,17] 1, [3,3,17] 1, [3,4,17] 1, [3,5,17] 1, [3,6,17] 1, [3,7,17] 1, [3,8,17] 1, [3,9,17] 1, [3,10,17] 1, [3,3,20] 1, [3,4,20] 1, [3,5,20] 1, [3,6,20] 1, [3,7,20] 1, [3,8,20] 1, [3,9,20] 1, [3,10,20] 1, [3,3,21] 1, [3,4,21] 1, [3,5,21] 1, [3,6,21] 1, [3,7,21] 1, [3,8,21] 1, [3,9,21] 1, [3,10,21] 1, [3,1,22] 1, [3,2,22] 1, [3,3,22] 1, [3,4,22] 1, [3,5,22] 1, [3,6,22] 1, [3,7,22] 1, [3,8,22] 1, [3,9,22] 1, [3,10,22] 1, [3,1,24] 1, [3,2,24] 1, [3,3,24] 1, [3,4,24] 1, [3,5,24] 1, [3,6,24] 1, [3,7,24] 1, [3,8,24] 1, [3,9,24] 1, [3,10,24] 1, [3,1,25] 1, [3,2,25] 1, [3,3,25] 1, [3,4,25] 1, [3,5,25] 1, [3,6,25] 1, [3,7,25] 1, [3,8,25] 1, [3,9,25] 1, [3,1,26] 1, [3,2,26] 1, [3,3,26] 1, [3,4,26] 1, [3,5,26] 1, [3,6,26] 1, [3,7,26] 1, [3,8,26] 1, [3,9,26] 1, [3,1,27] 1, [3,2,27] 1, [3,3,27] 1, [3,4,27] 1, [3,5,27] 1, [3,6,27] 1, [3,7,27] 1, [3,8,27] 1, [3,9,27] 1, [10,1,6] 1, [10,2,6] 1, [10,3,6] 1, [10,4,6] 1, [10,5,6] 1, [10,6,6] 1, [10,7,6] 1, [10,8,6] 1, [10,9,6] 1, [10,10,6] 1, [10,1,7] 1, [10,2,7] 1, [10,3,7] 1, [10,4,7] 1, [10,5,7] 1, [10,6,7] 1, [10,7,7] 1, [10,8,7] 1, [10,9,7] 1, [10,10,7] 1, [10,1,13] 1, [10,2,13] 1, [10,3,13] 1, [10,4,13] 1, [10,5,13] 1, [10,6,13] 1, [10,7,13] 1, [10,8,13] 1, [10,9,13] 1, [10,10,13] 1, [10,1,14] 1, [10,2,14] 1, [10,3,14] 1, [10,4,14] 1, [10,5,14] 1, [10,6,14] 1, [10,7,14] 1, [10,8,14] 1, [10,9,14] 1, [10,10,14] 1, [10,1,20] 1, [10,2,20] 1, [10,3,20] 1, [10,4,20] 1, [10,5,20] 1, [10,6,20] 1, [10,7,20] 1, [10,8,20] 1, [10,9,20] 1, [10,10,20] 1, [10,1,21] 1, [10,2,21] 1, [10,3,21] 1, [10,4,21] 1, [10,5,21] 1, [10,6,21] 1, [10,7,21] 1, [10,8,21] 1, [10,9,21] 1, [10,10,21] 1, [10,1,27] 1, [10,2,27] 1, [10,3,27] 1, [10,4,27] 1, [10,5,27] 1, [10,6,27] 1, [10,7,27] 1, [10,8,27] 1, [10,9,27] 1, [10,10,27] 1, [10,1,28] 1, [10,2,28] 1, [10,3,28] 1, [10,4,28] 1, [10,5,28] 1, [10,6,28] 1, [10,7,28] 1, [10,8,28] 1, [10,9,28] 1, [10,10,28] 1, [11,5,1] 1, [11,6,1] 1, [11,7,1] 1, [11,8,1] 1, [11,9,1] 1, [11,10,1] 1, [11,5,2] 1, [11,6,2] 1, [11,7,2] 1, [11,8,2] 1, [11,9,2] 1, [11,10,2] 1, [11,5,3] 1, [11,6,3] 1, [11,7,3] 1, [11,8,3] 1, [11,9,3] 1, [11,10,3] 1, [11,5,4] 1, [11,6,4] 1, [11,7,4] 1, [11,8,4] 1, [11,9,4] 1, [11,10,4] 1, [11,5,5] 1, [11,6,5] 1, [11,7,5] 1, [11,8,5] 1, [11,9,5] 1, [11,10,5] 1, [11,5,6] 1, [11,6,6] 1, [11,7,6] 1, [11,8,6] 1, [11,9,6] 1, [11,10,6] 1, [11,5,8] 1, [11,6,8] 1, [11,7,8] 1, [11,8,8] 1, [11,9,8] 1, [11,10,8] 1, [11,5,9] 1, [11,6,9] 1, [11,7,9] 1, [11,8,9] 1, [11,9,9] 1, [11,10,9] 1, [11,5,10] 1, [11,6,10] 1, [11,7,10] 1, [11,8,10] 1, [11,9,10] 1, [11,10,10] 1, [11,5,11] 1, [11,6,11] 1, [11,7,11] 1, [11,8,11] 1, [11,9,11] 1, [11,10,11] 1, [11,5,12] 1, [11,6,12] 1, [11,7,12] 1, [11,8,12] 1, [11,9,12] 1, [11,10,12] 1, [11,5,13] 1, [11,6,13] 1, [11,7,13] 1, [11,8,13] 1, [11,9,13] 1, [11,10,13] 1, [11,5,15] 1, [11,6,15] 1, [11,7,15] 1, [11,8,15] 1, [11,9,15] 1, [11,10,15] 1, [11,5,16] 1, [11,6,16] 1, [11,7,16] 1, [11,8,16] 1, [11,9,16] 1, [11,10,16] 1, [11,5,17] 1, [11,6,17] 1, [11,7,17] 1, [11,8,17] 1, [11,9,17] 1, [11,10,17] 1, [11,5,18] 1, [11,6,18] 1, [11,7,18] 1, [11,8,18] 1, [11,9,18] 1, [11,10,18] 1, [11,5,19] 1, [11,6,19] 1, [11,7,19] 1, [11,8,19] 1, [11,9,19] 1, [11,10,19] 1, [11,5,20] 1, [11,6,20] 1, [11,7,20] 1, [11,8,20] 1, [11,9,20] 1, [11,10,20] 1, [11,5,22] 1, [11,6,22] 1, [11,7,22] 1, [11,8,22] 1, [11,9,22] 1, [11,10,22] 1, [11,5,23] 1, [11,6,23] 1, [11,7,23] 1, [11,8,23] 1, [11,9,23] 1, [11,10,23] 1, [11,5,24] 1, [11,6,24] 1, [11,7,24] 1, [11,8,24] 1, [11,9,24] 1, [11,10,24] 1, [11,5,25] 1, [11,6,25] 1, [11,7,25] 1, [11,8,25] 1, [11,9,25] 1, [11,10,25] 1, [11,5,26] 1, [11,6,26] 1, [11,7,26] 1, [11,8,26] 1, [11,9,26] 1, [11,10,26] 1, [11,5,27] 1, [11,6,27] 1, [11,7,27] 1, [11,8,27] 1, [11,9,27] 1, [11,10,27] 1, [4,1,1] 1, [4,2,1] 1, [4,3,1] 1, [4,4,1] 1, [4,5,1] 1, [4,6,1] 1, [4,7,1] 1, [4,8,1] 1, [4,9,1] 1, [4,10,1] 1, [4,1,2] 1, [4,2,2] 1, [4,3,2] 1, [4,4,2] 1, [4,5,2] 1, [4,6,2] 1, [4,7,2] 1, [4,8,2] 1, [4,9,2] 1, [4,10,2] 1, [4,3,5] 1, [4,4,5] 1, [4,5,5] 1, [4,6,5] 1, [4,7,5] 1, [4,8,5] 1, [4,9,5] 1, [4,10,5] 1, [4,2,6] 1, [4,3,6] 1, [4,4,6] 1, [4,5,6] 1, [4,6,6] 1, [4,7,6] 1, [4,8,6] 1, [4,9,6] 1, [4,10,6] 1, [4,1,7] 1, [4,2,7] 1, [4,3,7] 1, [4,4,7] 1, [4,5,7] 1, [4,6,7] 1, [4,7,7] 1, [4,8,7] 1, [4,9,7] 1, [4,10,7] 1, [4,1,8] 1, [4,2,8] 1, [4,3,8] 1, [4,4,8] 1, [4,5,8] 1, [4,6,8] 1, [4,7,8] 1, [4,8,8] 1, [4,1,10] 1, [4,2,10] 1, [4,3,10] 1, [4,4,10] 1, [4,5,10] 1, [4,6,10] 1, [4,7,10] 1, [4,8,10] 1, [4,9,10] 1, [4,10,10] 1, [4,1,11] 1, [4,2,11] 1, [4,3,11] 1, [4,4,11] 1, [4,5,11] 1, [4,6,11] 1, [4,7,11] 1, [4,8,11] 1, [4,9,11] 1, [4,1,12] 1, [4,2,12] 1, [4,3,12] 1, [4,4,12] 1, [4,5,12] 1, [4,6,12] 1, [4,7,12] 1, [4,8,12] 1, [4,9,12] 1, [4,1,13] 1, [4,2,13] 1, [4,3,13] 1, [4,4,13] 1, [4,5,13] 1, [4,6,13] 1, [4,7,13] 1, [4,8,13] 1, [4,9,13] 1, [4,3,15] 1, [4,4,15] 1, [4,5,15] 1, [4,6,15] 1, [4,7,15] 1, [4,8,15] 1, [4,9,15] 1, [4,3,16] 1, [4,4,16] 1, [4,5,16] 1, [4,6,16] 1, [4,7,16] 1, [4,8,16] 1, [4,9,16] 1, [4,3,18] 1, [4,4,18] 1, [4,5,18] 1, [4,6,18] 1, [4,7,18] 1, [4,8,18] 1, [4,9,18] 1, [4,2,19] 1, [4,3,19] 1, [4,4,19] 1, [4,5,19] 1, [4,6,19] 1, [4,7,19] 1, [4,8,19] 1, [4,9,19] 1, [4,2,20] 1, [4,3,20] 1, [4,4,20] 1, [4,5,20] 1, [4,6,20] 1, [4,7,20] 1, [4,8,20] 1, [4,9,20] 1, [4,1,21] 1, [4,2,21] 1, [4,3,21] 1, [4,4,21] 1, [4,5,21] 1, [4,6,21] 1, [4,7,21] 1, [4,8,21] 1, [4,9,21] 1, [4,1,22] 1, [4,2,22] 1, [4,3,22] 1, [4,4,22] 1, [4,5,22] 1, [4,6,22] 1, [4,1,23] 1, [4,2,23] 1, [4,3,23] 1, [4,4,23] 1, [4,5,23] 1, [4,6,23] 1, [4,7,23] 1, [4,8,23] 1, [4,9,23] 1, [4,10,23] 1, [4,1,25] 1, [4,2,25] 1, [4,3,25] 1, [4,4,25] 1, [4,5,25] 1, [4,6,25] 1, [4,7,25] 1, [4,8,25] 1, [4,9,25] 1, [4,10,25] 1, [4,1,26] 1, [4,3,26] 1, [4,4,26] 1, [4,5,26] 1, [4,6,26] 1, [4,7,26] 1, [4,8,26] 1, [4,9,26] 1, [4,10,26] 1, [4,1,27] 1, [4,3,27] 1, [4,4,27] 1, [4,5,27] 1, [4,6,27] 1, [4,7,27] 1, [4,8,27] 1, [4,9,27] 1, [4,10,27] 1, [5,3,3] 1, [5,4,3] 1, [5,5,3] 1, [5,6,3] 1, [5,7,3] 1, [5,8,3] 1, [5,9,3] 1, [5,3,4] 1, [5,4,4] 1, [5,5,4] 1, [5,6,4] 1, [5,7,4] 1, [5,8,4] 1, [5,9,4] 1, [5,10,4] 1, [5,6,5] 1, [5,7,5] 1, [5,8,5] 1, [5,9,5] 1, [5,10,5] 1, [5,4,6] 1, [5,5,6] 1, [5,6,6] 1, [5,7,6] 1, [5,8,6] 1, [5,9,6] 1, [5,10,6] 1, [5,4,7] 1, [5,5,7] 1, [5,6,7] 1, [5,7,7] 1, [5,8,7] 1, [5,9,7] 1, [5,10,7] 1, [5,3,8] 1, [5,4,8] 1, [5,5,8] 1, [5,6,8] 1, [5,7,8] 1, [5,8,8] 1, [5,9,8] 1, [5,3,9] 1, [5,4,9] 1, [5,5,9] 1, [5,6,9] 1, [5,7,9] 1, [5,8,9] 1, [5,9,9] 1, [5,3,10] 1, [5,4,10] 1, [5,5,10] 1, [5,6,10] 1, [5,7,10] 1, [5,8,10] 1, [5,9,10] 1, [5,10,10] 1, [5,3,13] 1, [5,4,13] 1, [5,5,13] 1, [5,6,13] 1, [5,7,13] 1, [5,8,13] 1, [5,9,13] 1, [5,3,14] 1, [5,4,14] 1, [5,5,14] 1, [5,6,14] 1, [5,7,14] 1, [5,8,14] 1, [5,9,14] 1, [5,2,17] 1, [5,3,17] 1, [5,4,17] 1, [5,5,17] 1, [5,6,17] 1, [5,7,17] 1, [5,8,17] 1, [5,9,17] 1, [5,2,18] 1, [5,3,18] 1, [5,4,18] 1, [5,5,18] 1, [5,6,18] 1, [5,7,18] 1, [5,8,18] 1, [5,9,18] 1, [5,10,18] 1, [5,6,19] 1, [5,7,19] 1, [5,8,19] 1, [5,9,19] 1, [5,10,19] 1, [5,4,20] 1, [5,5,20] 1, [5,6,20] 1, [5,7,20] 1, [5,8,20] 1, [5,9,20] 1, [5,10,20] 1, [5,4,21] 1, [5,5,21] 1, [5,6,21] 1, [5,7,21] 1, [5,8,21] 1, [5,9,21] 1, [5,10,21] 1, [5,3,22] 1, [5,4,22] 1, [5,5,22] 1, [5,6,22] 1, [5,7,22] 1, [5,8,22] 1, [5,9,22] 1, [5,3,23] 1, [5,4,23] 1, [5,5,23] 1, [5,6,23] 1, [5,7,23] 1, [5,8,23] 1, [5,9,23] 1, [5,3,24] 1, [5,4,24] 1, [5,5,24] 1, [5,6,24] 1, [5,7,24] 1, [5,8,24] 1, [5,9,24] 1, [5,10,24] 1, [5,3,27] 1, [5,4,27] 1, [5,5,27] 1, [5,6,27] 1, [5,7,27] 1, [5,8,27] 1, [5,9,27] 1, [5,3,28] 1, [5,4,28] 1, [5,5,28] 1, [5,6,28] 1, [5,7,28] 1, [5,8,28] 1, [5,9,28] 1, [9,7,5] 1, [9,8,5] 1, [9,9,5] 1, [9,10,5] 1, [9,7,12] 1, [9,8,12] 1, [9,9,12] 1, [9,10,12] 1, [9,1,13] 1, [9,2,13] 1, [9,3,13] 1, [9,4,13] 1, [9,5,13] 1, [9,6,13] 1, [9,7,13] 1, [9,8,13] 1, [9,9,13] 1, [9,10,13] 1, [9,1,14] 1, [9,2,14] 1, [9,3,14] 1, [9,4,14] 1, [9,5,14] 1, [9,6,14] 1, [9,7,14] 1, [9,8,14] 1, [9,9,14] 1, [9,10,14] 1, [9,7,19] 1, [9,8,19] 1, [9,9,19] 1, [9,10,19] 1, [9,1,20] 1, [9,2,20] 1, [9,3,20] 1, [9,4,20] 1, [9,5,20] 1, [9,6,20] 1, [9,7,20] 1, [9,8,20] 1, [9,9,20] 1, [9,10,20] 1, [9,1,21] 1, [9,2,21] 1, [9,3,21] 1, [9,4,21] 1, [9,5,21] 1, [9,6,21] 1, [9,7,21] 1, [9,8,21] 1, [9,9,21] 1, [9,10,21] 1, [9,7,26] 1, [9,8,26] 1, [9,9,26] 1, [9,10,26] 1, [9,1,27] 1, [9,2,27] 1, [9,3,27] 1, [9,4,27] 1, [9,5,27] 1, [9,6,27] 1, [9,7,27] 1, [9,8,27] 1, [9,9,27] 1, [9,10,27] 1, [9,1,28] 1, [9,2,28] 1, [9,3,28] 1, [9,4,28] 1, [9,5,28] 1, [9,6,28] 1, [9,7,28] 1, [9,8,28] 1, [9,9,28] 1, [9,10,28] 1, [7,3,1] 1, [7,4,1] 1, [7,5,1] 1, [7,6,1] 1, [7,7,1] 1, [7,8,1] 1, [7,9,1] 1, [7,3,2] 1, [7,4,2] 1, [7,5,2] 1, [7,6,2] 1, [7,7,2] 1, [7,8,2] 1, [7,9,2] 1, [7,3,3] 1, [7,4,3] 1, [7,5,3] 1, [7,6,3] 1, [7,7,3] 1, [7,8,3] 1, [7,9,3] 1, [7,10,3] 1, [7,3,6] 1, [7,4,6] 1, [7,5,6] 1, [7,6,6] 1, [7,7,6] 1, [7,8,6] 1, [7,9,6] 1, [7,3,7] 1, [7,4,7] 1, [7,5,7] 1, [7,6,7] 1, [7,7,7] 1, [7,8,7] 1, [7,9,7] 1, [7,3,9] 1, [7,4,9] 1, [7,5,9] 1, [7,6,9] 1, [7,7,9] 1, [7,8,9] 1, [7,9,9] 1, [7,4,10] 1, [7,5,10] 1, [7,6,10] 1, [7,7,10] 1, [7,8,10] 1, [7,9,10] 1, [7,10,10] 1, [7,3,11] 1, [7,4,11] 1, [7,5,11] 1, [7,6,11] 1, [7,7,11] 1, [7,8,11] 1, [7,9,11] 1, [7,10,11] 1, [7,2,12] 1, [7,3,12] 1, [7,4,12] 1, [7,5,12] 1, [7,6,12] 1, [7,7,12] 1, [7,10,12] 1, [7,2,13] 1, [7,3,13] 1, [7,4,13] 1, [7,5,13] 1, [7,6,13] 1, [7,7,13] 1, [7,8,13] 1, [7,3,16] 1, [7,4,16] 1, [7,5,16] 1, [7,6,16] 1, [7,7,16] 1, [7,8,16] 1, [7,9,16] 1, [7,4,17] 1, [7,5,17] 1, [7,6,17] 1, [7,7,17] 1, [7,8,17] 1, [7,9,17] 1, [7,10,17] 1, [7,3,18] 1, [7,4,18] 1, [7,5,18] 1, [7,6,18] 1, [7,7,18] 1, [7,8,18] 1, [7,9,18] 1, [7,10,18] 1, [7,2,19] 1, [7,3,19] 1, [7,4,19] 1, [7,5,19] 1, [7,6,19] 1, [7,7,19] 1, [7,10,19] 1, [7,2,20] 1, [7,3,20] 1, [7,4,20] 1, [7,5,20] 1, [7,6,20] 1, [7,7,20] 1, [7,8,20] 1, [7,3,22] 1, [7,4,22] 1, [7,5,22] 1, [7,6,22] 1, [7,7,22] 1, [7,8,22] 1, [7,9,22] 1, [7,3,23] 1, [7,4,23] 1, [7,5,23] 1, [7,6,23] 1, [7,7,23] 1, [7,8,23] 1, [7,9,23] 1, [7,3,24] 1, [7,4,24] 1, [7,5,24] 1, [7,6,24] 1, [7,7,24] 1, [7,8,24] 1, [7,9,24] 1, [7,10,24] 1, [7,3,27] 1, [7,4,27] 1, [7,5,27] 1, [7,6,27] 1, [7,7,27] 1, [7,8,27] 1, [7,9,27] 1, [7,3,28] 1, [7,4,28] 1, [7,5,28] 1, [7,6,28] 1, [7,7,28] 1, [7,8,28] 1, [7,9,28] 1[1;31m"[0m[31m[0m,
 real_dot:
  [31m[1;31m"[0m[31m[1,1,1] 7, [2,1,1] 3, [3,1,1] 2, [4,1,1] 0, [5,1,1] 2, [6,1,1] 0, [7,1,1] 0, [8,1,1] 0, [9,1,1] 2, [10,1,1] 2, [11,1,1] 0, [12,1,1] 3[1;31m"[0m[31m[0m,
 sale_plan:
  [31m[1;31m"[0m[31m[1,1,1,1] 199857, [1,2,1,1] 259814, [1,3,1,1] 399713, [1,4,1,1] 339756, [1,5,1,1] 319770, [1,6,1,1] 459670, [1,7,1,1] 679512, [1,8,1,1] 899354, [1,9,1,1] 699497, [1,10,1,1] 479655 [1,1,2,1] 188754, [1,2,2,1] 245381, [1,3,2,1] 377507, [1,4,2,1] 320882, [1,5,2,1] 302005, [1,6,2,1] 434134, [1,7,2,1] 641761, [1,8,2,1] 849391, [1,9,2,1] 660637, [1,10,2,1] 453008 [1,1,3,1] 213180, [1,2,3,1] 277134, [1,3,3,1] 426360, [1,4,3,1] 362406, [1,5,3,1] 341088, [1,6,3,1] 490314, [1,7,3,1] 724812, [1,8,3,1] 959310, [1,9,3,1] 746130, [1,10,3,1] 511632 [1,1,4,1] 193195, [1,2,4,1] 251154, [1,3,4,1] 386389, [1,4,4,1] 328432, [1,5,4,1] 309111, [1,6,4,1] 444349, [1,7,4,1] 656861, [1,8,4,1] 869376, [1,9,4,1] 676182, [1,10,4,1] 463667 [1,1,5,1] 199857, [1,2,5,1] 259814, [1,3,5,1] 399713, [1,4,5,1] 339756, [1,5,5,1] 319770, [1,6,5,1] 459670, [1,7,5,1] 679512, [1,8,5,1] 899354, [1,9,5,1] 699497, [1,10,5,1] 479655 [1,1,6,1] 399713, [1,2,6,1] 559598, [1,3,6,1] 799425, [1,4,6,1] 679512, [1,5,6,1] 543609, [1,6,6,1] 999282, [1,7,6,1] 1498922, [1,8,6,1] 1698779, [1,9,6,1] 1898635, [1,10,6,1] 1099210 [1,1,7,1] 347174, [1,2,7,1] 532367, [1,3,7,1] 668519, [1,4,7,1] 716229, [1,5,7,1] 625773, [1,6,7,1] 884581, [1,7,7,1] 1558370, [1,8,7,1] 1781385, [1,9,7,1] 2156371, [1,10,7,1] 887797 [1,1,8,1] 207027, [1,2,8,1] 264941, [1,3,8,1] 405390, [1,4,8,1] 336718, [1,5,8,1] 327568, [1,6,8,1] 467602, [1,7,8,1] 675415, [1,8,8,1] 895070, [1,9,8,1] 708158, [1,10,8,1] 485275 [1,1,9,1] 196083, [1,2,9,1] 245495, [1,3,9,1] 378254, [1,4,9,1] 315420, [1,5,9,1] 309475, [1,6,9,1] 424895, [1,7,9,1] 638317, [1,8,9,1] 846622, [1,9,9,1] 660635, [1,10,9,1] 460410 [1,1,10,1] 213096, [1,2,10,1] 271353, [1,3,10,1] 428517, [1,4,10,1] 352894, [1,5,10,1] 337091, [1,6,10,1] 492594, [1,7,10,1] 726637, [1,8,10,1] 964903, [1,9,10,1] 745091, [1,10,10,1] 519399 [1,1,11,1] 193691, [1,2,11,1] 256368, [1,3,11,1] 394842, [1,4,11,1] 334287, [1,5,11,1] 307433, [1,6,11,1] 452659, [1,7,11,1] 651157, [1,8,11,1] 864777, [1,9,11,1] 669373, [1,10,11,1] 465823 [1,1,12,1] 199502, [1,2,12,1] 255563, [1,3,12,1] 400459, [1,4,12,1] 347508, [1,5,12,1] 327611, [1,6,12,1] 463088, [1,7,12,1] 675116, [1,8,12,1] 905607, [1,9,12,1] 700075, [1,10,12,1] 475074 [1,1,13,1] 402273, [1,2,13,1] 567284, [1,3,13,1] 798309, [1,4,13,1] 684930, [1,5,13,1] 543629, [1,6,13,1] 989734, [1,7,13,1] 1502087, [1,8,13,1] 1701811, [1,9,13,1] 1889067, [1,10,13,1] 1095375 [1,1,14,1] 322143, [1,2,14,1] 479173, [1,3,14,1] 597619, [1,4,14,1] 637531, [1,5,14,1] 551268, [1,6,14,1] 802822, [1,7,14,1] 1391543, [1,8,14,1] 1591341, [1,9,14,1] 1941227, [1,10,14,1] 791551 [1,1,15,1] 214693, [1,2,15,1] 274128, [1,3,15,1] 414886, [1,4,15,1] 362353, [1,5,15,1] 328761, [1,6,15,1] 480349, [1,7,15,1] 720160, [1,8,15,1] 955519, [1,9,15,1] 739245, [1,10,15,1] 508820 [1,1,16,1] 204398, [1,2,16,1] 263206, [1,3,16,1] 419369, [1,4,16,1] 353777, [1,5,16,1] 321062, [1,6,16,1] 479455, [1,7,16,1] 702003, [1,8,16,1] 922850, [1,9,16,1] 725097, [1,10,16,1] 502299 [1,1,17,1] 220735, [1,2,17,1] 282434, [1,3,17,1] 427271, [1,4,17,1] 368833, [1,5,17,1] 339070, [1,6,17,1] 504060, [1,7,17,1] 741068, [1,8,17,1] 972156, [1,9,17,1] 759705, [1,10,17,1] 522798 [1,1,18,1] 205483, [1,2,18,1] 279728, [1,3,18,1] 410845, [1,4,18,1] 358432, [1,5,18,1] 340545, [1,6,18,1] 483308, [1,7,18,1] 698191, [1,8,18,1] 937759, [1,9,18,1] 720750, [1,10,18,1] 505675 [1,1,19,1] 211799, [1,2,19,1] 282719, [1,3,19,1] 419569, [1,4,19,1] 362704, [1,5,19,1] 328111, [1,6,19,1] 481612, [1,7,19,1] 724941, [1,8,19,1] 944308, [1,9,19,1] 737481, [1,10,19,1] 510352 [1,1,20,1] 427869, [1,2,20,1] 584369, [1,3,20,1] 838648, [1,4,20,1] 726877, [1,5,20,1] 569612, [1,6,20,1] 1051379, [1,7,20,1] 1589014, [1,8,20,1] 1789999, [1,9,20,1] 1998759, [1,10,20,1] 1165146 [1,1,21,1] 342652, [1,2,21,1] 504931, [1,3,21,1] 627916, [1,4,21,1] 679863, [1,5,21,1] 586320, [1,6,21,1] 853717, [1,7,21,1] 1468534, [1,8,21,1] 1683241, [1,9,21,1] 2054208, [1,10,21,1] 839757 [1,1,22,1] 241183, [1,2,22,1] 293191, [1,3,22,1] 460010, [1,4,22,1] 387784, [1,5,22,1] 375187, [1,6,22,1] 533061, [1,7,22,1] 794850, [1,8,22,1] 1038775, [1,9,22,1] 811271, [1,10,22,1] 547772 [1,1,23,1] 216109, [1,2,23,1] 292239, [1,3,23,1] 461361, [1,4,23,1] 375913, [1,5,23,1] 368136, [1,6,23,1] 509888, [1,7,23,1] 770843, [1,8,23,1] 1021827, [1,9,23,1] 797939, [1,10,23,1] 538007 [1,1,24,1] 248651, [1,2,24,1] 310620, [1,3,24,1] 469984, [1,4,24,1] 407910, [1,5,24,1] 377598, [1,6,24,1] 545193, [1,7,24,1] 820491, [1,8,24,1] 1079546, [1,9,24,1] 830509, [1,10,24,1] 569737 [1,1,25,1] 231198, [1,2,25,1] 303583, [1,3,25,1] 457205, [1,4,25,1] 387982, [1,5,25,1] 359928, [1,6,25,1] 530975, [1,7,25,1] 768187, [1,8,25,1] 1029871, [1,9,25,1] 802472, [1,10,25,1] 547872 [1,1,26,1] 230149, [1,2,26,1] 300741, [1,3,26,1] 455303, [1,4,26,1] 384861, [1,5,26,1] 375654, [1,6,26,1] 524071, [1,7,26,1] 789586, [1,8,26,1] 1052851, [1,9,26,1] 810959, [1,10,26,1] 564224 [1,1,27,1] 455534, [1,2,27,1] 653635, [1,3,27,1] 931585, [1,4,27,1] 794382, [1,5,27,1] 635940, [1,6,27,1] 1151686, [1,7,27,1] 1747507, [1,8,27,1] 1966193, [1,9,27,1] 2196262, [1,10,27,1] 1282290 [1,1,28,1] 363312, [1,2,28,1] 554507, [1,3,28,1] 697413, [1,4,28,1] 751412, [1,5,28,1] 657584, [1,6,28,1] 933381, [1,7,28,1] 1619871, [1,8,28,1] 1856171, [1,9,28,1] 2255153, [1,10,28,1] 928869[1;31m"[0m[31m[0m,
 created_at: [1;34;4mFri[0m, [1;34m16[0m [1;34;4mNov[0m [1;34m2018[0m [1;34m03[0m:[1;34m09[0m:[1;34m06[0m [1;34;4mUTC[0m [1;34m+00[0m:[1;34m00[0m,
 updated_at: [1;34;4mFri[0m, [1;34m16[0m [1;34;4mNov[0m [1;34m2018[0m [1;34m03[0m:[1;34m09[0m:[1;34m06[0m [1;34;4mUTC[0m [1;34m+00[0m:[1;34m00[0m,
 month: [1;34m7[0m,
 year: [1;34m2018[0m[32m>[0m
